LINK_MODEL_BASED::ORIGINAL::LEFT_KNEE_ANGLE
File	Frame	X 	Y 	Z 
run.c3d	1	-30.499630	4.526643	7.722781
 - 	2	-35.006451	5.248572	7.615343
 - 	3	-41.950645	6.242811	7.265399
 - 	4	-45.778225	6.664662	7.079618
 - 	5	-50.438221	7.112730	6.904109
 - 	6	-55.713329	7.513804	6.768349
 - 	7	-61.351376	7.781864	6.679735
 - 	8	-67.138634	7.849151	6.617581
 - 	9	-72.918907	7.688505	6.539371
 - 	10	-78.585030	7.323204	6.391761
 - 	11	-84.063118	6.827824	6.125831
 - 	12	-89.297447	6.312725	5.710942
 - 	13	-94.237122	5.882317	5.133498
 - 	14	-98.828056	5.591284	4.384068
 - 	15	-103.014755	5.436747	3.452319
 - 	16	-106.745941	5.384437	2.346553
 - 	17	-109.975113	5.391466	1.119247
 - 	18	-112.657166	5.410796	-0.133824
 - 	19	-114.750496	5.398103	-1.287594
 - 	20	-116.222572	5.320447	-2.218884
 - 	21	-117.050186	5.151435	-2.878683
 - 	22	-117.216896	4.863819	-3.327174
 - 	23	-116.714767	4.431095	-3.666161
 - 	24	-115.548172	3.834203	-3.962857
 - 	25	-113.738335	3.073905	-4.226263
 - 	26	-111.327560	2.188929	-4.405779
 - 	27	-108.374954	1.256584	-4.424468
 - 	28	-104.942444	0.359878	-4.226622
 - 	29	-101.081779	-0.447010	-3.782491
 - 	30	-96.828476	-1.142491	-3.076151
 - 	31	-92.202614	-1.723561	-2.124336
 - 	32	-87.215492	-2.196038	-0.996474
 - 	33	-81.877396	-2.570815	0.206570
 - 	34	-76.198318	-2.861589	1.396706
 - 	35	-70.183449	-3.079842	2.528482
 - 	36	-63.835571	-3.228093	3.599560
 - 	37	-57.172073	-3.297177	4.628595
 - 	38	-50.249302	-3.267893	5.631339
 - 	39	-43.179649	-3.116423	6.606121
 - 	40	-36.138054	-2.826346	7.518051
 - 	41	-29.358089	-2.406017	8.286386
 - 	42	-23.109221	-1.900500	8.805295
 - 	43	-17.658663	-1.387028	8.996569
 - 	44	-13.233820	-0.952078	8.851838
 - 	45	-9.991052	-0.659767	8.433515
 - 	46	-7.992395	-0.527799	7.843138
 - 	47	-7.198348	-0.523106	7.184832
 - 	48	-7.480564	-0.581872	6.539830
 - 	49	-8.647468	-0.641361	5.956505
 - 	50	-10.477292	-0.662032	5.455203
 - 	51	-12.761036	-0.634047	5.038034
 - 	52	-15.348330	-0.570154	4.695381
 - 	53	-18.172577	-0.486524	4.412450
 - 	54	-21.231991	-0.382606	4.182275
 - 	55	-24.528708	-0.236730	4.019428
 - 	56	-28.004522	-0.023637	3.959095
 - 	57	-31.517885	0.260064	4.035396
 - 	58	-34.872272	0.586766	4.251925
 - 	59	-37.870396	0.917302	4.565516
 - 	60	-40.364017	1.234964	4.891761
 - 	61	-42.277180	1.560027	5.132270
 - 	62	-43.592728	1.925225	5.220801
 - 	63	-44.321331	2.338740	5.162036
 - 	64	-44.482906	2.775006	5.032163
 - 	65	-44.102039	3.194536	4.946960
 - 	66	-43.204609	3.565411	5.020978
 - 	67	-41.816357	3.871307	5.328193
 - 	68	-39.966305	4.109991	5.873333
 - 	69	-37.689598	4.285985	6.587255
 - 	70	-35.033543	4.398426	7.340493
 - 	71	-32.073116	4.429161	7.972750
 - 	72	-28.921211	4.339255	8.358068
 - 	73	-25.716024	4.085013	8.480230
 - 	74	-22.592571	3.650700	8.448854
 - 	75	-19.658613	3.071497	8.436902
 - 	76	-16.992369	2.427683	8.585439
 - 	77	-14.662965	1.820108	8.931190
 - 	78	-12.756954	1.341191	9.390198
 - 	79	-11.389796	1.046865	9.804008
 - 	80	-10.687794	0.944714	10.024500
 - 	81	-10.749792	1.008511	9.983838
 - 	82	-11.614191	1.205194	9.709016
 - 	83	-13.245723	1.514867	9.289825
 - 	84	-15.546272	1.929858	8.825680
 - 	85	-18.387959	2.439369	8.381577
 - 	86	-21.651766	3.023918	7.984531
 - 	87	-25.252827	3.662226	7.645668
 - 	88	-29.146877	4.335650	7.371891
 - 	89	-33.322922	5.026851	7.162733
 - 	90	-37.786964	5.715235	7.009515
 - 	91	-42.539650	6.367228	6.907949
 - 	92	-47.560173	6.930307	6.866558
 - 	93	-52.806141	7.346436	6.890734
 - 	94	-58.221031	7.575967	6.961317
 - 	95	-63.740364	7.609638	7.031300
 - 	96	-69.297493	7.465417	7.038438
 - 	97	-74.828934	7.181908	6.922980
 - 	98	-80.275780	6.811534	6.642272
 - 	99	-85.578835	6.402852	6.176334
 - 	100	-90.673767	5.990326	5.527358
 - 	101	-95.495811	5.617743	4.727856
 - 	102	-99.985794	5.348922	3.846452
 - 	103	-104.087563	5.226388	2.959269
 - 	104	-107.744049	5.229865	2.100392
 - 	105	-110.897408	5.285518	1.245281
 - 	106	-113.492706	5.312177	0.357095
 - 	107	-115.483803	5.258326	-0.553987
 - 	108	-116.836067	5.104220	-1.436844
 - 	109	-117.525841	4.845185	-2.242891
 - 	110	-117.539810	4.476833	-2.931966
 - 	111	-116.874168	3.987956	-3.462923
 - 	112	-115.534042	3.365571	-3.806632
 - 	113	-113.537674	2.613182	-3.955165
 - 	114	-110.924416	1.770119	-3.911576
 - 	115	-107.756912	0.909566	-3.681431
 - 	116	-104.110176	0.107775	-3.271038
 - 	117	-100.053612	-0.587891	-2.672441
 - 	118	-95.635979	-1.165305	-1.862637
 - 	119	-90.881325	-1.637299	-0.841618
 - 	120	-85.797379	-2.029546	0.335641
 - 	121	-80.387054	-2.371160	1.564374
 - 	122	-74.654182	-2.686700	2.742444
 - 	123	-68.604477	-2.983485	3.832410
 - 	124	-62.246227	-3.242499	4.854186
 - 	125	-55.598335	-3.421607	5.831110
 - 	126	-48.709560	-3.467094	6.759260
 - 	127	-41.679127	-3.334591	7.600852
 - 	128	-34.665974	-3.013419	8.291174
 - 	129	-27.882236	-2.537387	8.761725
 - 	130	-21.573507	-1.979242	8.968645
 - 	131	-15.990851	-1.434150	8.910921
 - 	132	-11.358538	-0.992520	8.629283
 - 	133	-7.842101	-0.710885	8.187763
 - 	134	-5.525082	-0.597410	7.651384
 - 	135	-4.398532	-0.615108	7.076716
 - 	136	-4.363422	-0.696794	6.516731
 - 	137	-5.252382	-0.770626	6.021424
 - 	138	-6.869695	-0.788931	5.623670
 - 	139	-9.032621	-0.745316	5.321754
 - 	140	-11.602801	-0.669242	5.075487
 - 	141	-14.504597	-0.598798	4.823930
 - 	142	-17.718334	-0.548634	4.518607
 - 	143	-21.241943	-0.496440	4.154903
 - 	144	-25.036127	-0.399653	3.785405
 - 	145	-28.982061	-0.231494	3.502744
 - 	146	-32.882954	-0.005205	3.390846
 - 	147	-36.512039	0.237744	3.474919
 - 	148	-39.673012	0.465760	3.707056
 - 	149	-42.241394	0.689310	3.988216
 - 	150	-44.175026	0.959578	4.205406
 - 	151	-45.495045	1.333037	4.270944
 - 	152	-46.250908	1.831258	4.156900
 - 	153	-46.489033	2.424494	3.912372
 - 	154	-46.239471	3.044680	3.652620
 - 	155	-45.520172	3.616241	3.524888
 - 	156	-44.346378	4.086699	3.662359
 - 	157	-42.735355	4.442429	4.132986
 - 	158	-40.707172	4.703348	4.899020
 - 	159	-38.289768	4.898523	5.814129
 - 	160	-35.531017	5.034431	6.671074
 - 	161	-32.510262	5.076560	7.285185
 - 	162	-29.338644	4.961131	7.578572
 - 	163	-26.143419	4.632246	7.623044
 - 	164	-23.043644	4.080519	7.610288
 - 	165	-20.133368	3.361846	7.748232
 - 	166	-17.483946	2.584749	8.136603
 - 	167	-15.166947	1.868523	8.711576
 - 	168	-13.278564	1.302658	9.296617
 - 	169	-11.939174	0.936871	9.710020
 - 	170	-11.269030	0.791668	9.855231
 - 	171	-11.359136	0.863562	9.740631
 - 	172	-12.248392	1.123228	9.431204
 - 	173	-13.913743	1.524457	8.996934
 - 	174	-16.279564	2.024494	8.499543
 - 	175	-19.242147	2.595755	7.998364
 - 	176	-22.698166	3.221273	7.550709
 - 	177	-26.567099	3.884965	7.200004
 - 	178	-30.799150	4.566854	6.963969
 - 	179	-35.366310	5.243290	6.836722
 - 	180	-40.244583	5.890777	6.795543
 - 	181	-45.399597	6.489955	6.805690
 - 	182	-50.779842	7.021912	6.831284
 - 	183	-56.318665	7.459473	6.847016
 - 	184	-61.945515	7.763704	6.836820
 - 	185	-67.595825	7.889704	6.779577
 - 	186	-73.211624	7.801775	6.633627
 - 	187	-78.736374	7.490802	6.336366
 - 	188	-84.110237	6.987999	5.827464
 - 	189	-89.269928	6.377090	5.083163
 - 	190	-94.149742	5.781635	4.134129
 - 	191	-98.682152	5.313926	3.057296
 - 	192	-102.805237	5.033047	1.964260
 - 	193	-106.470810	4.939640	0.980255
 - 	194	-109.639099	4.984552	0.182976
 - 	195	-112.264954	5.088781	-0.453822
 - 	196	-114.294586	5.176162	-1.033533
 - 	197	-115.676537	5.194772	-1.639132
 - 	198	-116.375145	5.113189	-2.257971
 - 	199	-116.376633	4.905798	-2.805939
 - 	200	-115.686661	4.549435	-3.212252
 - 	201	-114.324875	4.034424	-3.458769
 - 	202	-112.322517	3.375755	-3.553928
 - 	203	-109.722702	2.616781	-3.492024
 - 	204	-106.579391	1.822335	-3.241626
 - 	205	-102.953064	1.060197	-2.771950
 - 	206	-98.902878	0.382304	-2.081033
 - 	207	-94.477417	-0.184815	-1.202469
 - 	208	-89.710152	-0.643015	-0.194092
 - 	209	-84.621635	-1.018478	0.884608
 - 	210	-79.223167	-1.348601	1.981424
 - 	211	-73.519958	-1.666965	3.048462
 - 	212	-67.514946	-1.990339	4.053949
 - 	213	-61.215126	-2.307088	4.991439
 - 	214	-54.644070	-2.575022	5.867953
 - 	215	-47.859379	-2.736030	6.687129
 - 	216	-40.966904	-2.739058	7.431200
 - 	217	-34.127186	-2.559201	8.045287
 - 	218	-27.555389	-2.210595	8.452385
 - 	219	-21.508400	-1.750306	8.598381
 - 	220	-16.251110	-1.266581	8.483767
 - 	221	-12.011389	-0.850137	8.161189
 - 	222	-8.941435	-0.561219	7.709988
 - 	223	-7.096366	-0.414317	7.203960
 - 	224	-6.432451	-0.385289	6.690294
 - 	225	-6.822330	-0.426949	6.187576
 - 	226	-8.083319	-0.487694	5.696345
 - 	227	-10.014387	-0.531609	5.214683
 - 	228	-12.436010	-0.547809	4.750248
 - 	229	-15.220822	-0.542974	4.319752
 - 	230	-18.298544	-0.523840	3.938888
 - 	231	-21.632454	-0.480472	3.616786
 - 	232	-25.180277	-0.385440	3.364719
 - 	233	-28.855814	-0.213925	3.209534
 - 	234	-32.510487	0.033241	3.190747
 - 	235	-35.952068	0.325402	3.336089
 - 	236	-38.994007	0.622400	3.633119
 - 	237	-41.503635	0.906953	4.018176
 - 	238	-43.421459	1.202886	4.392112
 - 	239	-44.746986	1.559851	4.658107
 - 	240	-45.506416	2.016486	4.762927
 - 	241	-45.725967	2.570759	4.719857
 - 	242	-45.423901	3.175226	4.604895
 - 	243	-44.615818	3.759457	4.532301
 - 	244	-43.324162	4.262427	4.621293
 - 	245	-41.583691	4.652088	4.958630
 - 	246	-39.439072	4.924664	5.557968
 - 	247	-36.939476	5.086987	6.337107
 - 	248	-34.139679	5.134766	7.137092
 - 	249	-31.108494	5.042325	7.783492
 - 	250	-27.933563	4.771592	8.174913
 - 	251	-24.714912	4.303752	8.346662
 - 	252	-21.555771	3.670845	8.441233
 - 	253	-18.564001	2.948424	8.601811
 - 	254	-15.859269	2.221556	8.888884
 - 	255	-13.570586	1.566261	9.269336
 - 	256	-11.826836	1.044588	9.643160
 - 	257	-10.745059	0.699288	9.889945
 - 	258	-10.412154	0.555426	9.929520
 - 	259	-10.866316	0.624088	9.755540
 - 	260	-12.090396	0.897577	9.421282
 - 	261	-14.019481	1.343296	9.005102
 - 	262	-16.559607	1.908219	8.583443
 - 	263	-19.614412	2.533274	8.213665
 - 	264	-23.110271	3.167898	7.922060
 - 	265	-27.005081	3.779039	7.702093
 - 	266	-31.276283	4.353531	7.527423
 - 	267	-35.901463	4.895656	7.367607
 - 	268	-40.846004	5.421938	7.197552
 - 	269	-46.060200	5.948164	7.008784
 - 	270	-51.484135	6.469345	6.818769
 - 	271	-57.057644	6.947981	6.664503
 - 	272	-62.725159	7.321586	6.579504
 - 	273	-68.429855	7.526167	6.564832
 - 	274	-74.105316	7.520850	6.572458
 - 	275	-79.676239	7.301651	6.513961
 - 	276	-85.068138	6.905521	6.289556
 - 	277	-90.214722	6.404406	5.822753
 - 	278	-95.058304	5.896196	5.091767
 - 	279	-99.547081	5.493502	4.147567
 - 	280	-103.629440	5.281693	3.089476
 - 	281	-107.249100	5.264288	2.002879
 - 	282	-110.347717	5.362464	0.931578
 - 	283	-112.871628	5.467945	-0.092753
 - 	284	-114.776047	5.490540	-1.043183
 - 	285	-116.026611	5.375895	-1.922773
 - 	286	-116.603951	5.103829	-2.733218
 - 	287	-116.508156	4.675888	-3.407705
 - 	288	-115.754181	4.104098	-3.831457
 - 	289	-114.363037	3.409862	-3.952714
 - 	290	-112.361984	2.623596	-3.837415
 - 	291	-109.792473	1.783649	-3.588577
 - 	292	-106.708710	0.938844	-3.253432
 - 	293	-103.163200	0.139353	-2.829883
 - 	294	-99.194946	-0.582589	-2.299785
 - 	295	-94.828644	-1.215547	-1.628914
 - 	296	-90.081680	-1.754664	-0.780207
 - 	297	-84.972801	-2.193684	0.253758
 - 	298	-79.523438	-2.533483	1.440418
 - 	299	-73.749214	-2.791821	2.730575
 - 	300	-67.652679	-2.990986	4.091167
 - 	301	-61.228165	-3.131531	5.489475
 - 	302	-54.482830	-3.186503	6.831167
 - 	303	-47.468746	-3.120255	7.957994
 - 	304	-40.310081	-2.909211	8.731866
 - 	305	-33.212063	-2.555568	9.106452
 - 	306	-26.446342	-2.092371	9.126852
 - 	307	-20.313793	-1.580055	8.883291
 - 	308	-15.097552	-1.097584	8.466888
 - 	309	-11.020988	-0.721738	7.951901
 - 	310	-8.214585	-0.495869	7.394076
 - 	311	-6.696773	-0.412235	6.830355
 - 	312	-6.377608	-0.421691	6.282228
 - 	313	-7.084685	-0.460056	5.765363
 - 	314	-8.601493	-0.477088	5.295650
 - 	315	-10.709082	-0.455969	4.884266
 - 	316	-13.224333	-0.413752	4.530336
 - 	317	-16.025274	-0.383310	4.223371
 - 	318	-19.051224	-0.386944	3.955100
 - 	319	-22.273918	-0.416026	3.732234
 - 	320	-25.652279	-0.431324	3.583167
 - 	321	-29.095373	-0.387444	3.550387
 - 	322	-32.455185	-0.260731	3.663678
 - 	323	-35.551811	-0.054183	3.912600
 - 	324	-38.216175	0.219863	4.240812
 - 	325	-40.327393	0.558043	4.558578
 - 	326	-41.826958	0.966360	4.770474
 - 	327	-42.709213	1.444036	4.816061
 - 	328	-42.998898	1.974571	4.700318
 - 	329	-42.730022	2.528630	4.501631
 - 	330	-41.938374	3.064105	4.355230
 - 	331	-40.663456	3.528937	4.403880
 - 	332	-38.947716	3.875421	4.731565
 - 	333	-36.832172	4.074567	5.318348
 - 	334	-34.356499	4.117484	6.043266
 - 	335	-31.568325	4.006797	6.737829
 - 	336	-28.539711	3.748239	7.263231
 - 	337	-25.378445	3.348601	7.564902
 - 	338	-22.218044	2.823450	7.684370
 - 	339	-19.188627	2.209519	7.736436
 - 	340	-16.397787	1.569009	7.844436
 - 	341	-13.942864	0.978408	8.061028
 - 	342	-11.936616	0.506251	8.350843
 - 	343	-10.511871	0.196913	8.641271
 - 	344	-9.795758	0.071679	8.876692
 - 	345	-9.873349	0.133127	9.034499
 - 	346	-10.763033	0.364383	9.108319
 - 	347	-12.412240	0.737596	9.095921
 - 	348	-14.715834	1.225718	9.002793
 - 	349	-17.550695	1.801513	8.839354
 - 	350	-20.810143	2.435429	8.614942
 - 	351	-24.424168	3.100674	8.340222
 - 	352	-28.360287	3.776771	8.030180
 - 	353	-32.609047	4.450988	7.701710
 - 	354	-37.164219	5.118336	7.371806
 - 	355	-42.008343	5.773587	7.061696
 - 	356	-47.108891	6.399540	6.798369
 - 	357	-52.420151	6.962128	6.606273
 - 	358	-57.884151	7.411540	6.496905
 - 	359	-63.433086	7.688216	6.461416
 - 	360	-68.996170	7.739853	6.464405
 - 	361	-74.508278	7.547550	6.440444
 - 	362	-79.914673	7.142232	6.302015
 - 	363	-85.167221	6.596584	5.963020
 - 	364	-90.216835	6.008364	5.368125
 - 	365	-95.008606	5.487785	4.516862
 - 	366	-99.480499	5.127865	3.462924
 - 	367	-103.564857	4.959569	2.275581
 - 	368	-107.193619	4.938535	1.003646
 - 	369	-110.305801	4.980702	-0.312370
 - 	370	-112.853462	5.009950	-1.600590
 - 	371	-114.802490	4.980901	-2.742350
 - 	372	-116.128517	4.873142	-3.615439
 - 	373	-116.813148	4.676188	-4.170447
 - 	374	-116.844879	4.382056	-4.450083
 - 	375	-116.221283	3.984979	-4.530830
 - 	376	-114.947578	3.481865	-4.485169
 - 	377	-113.036507	2.874357	-4.391444
 - 	378	-110.516006	2.175135	-4.297983
 - 	379	-107.435509	1.415192	-4.155875
 - 	380	-103.858788	0.644555	-3.842623
 - 	381	-99.848457	-0.080846	-3.262622
 - 	382	-95.453690	-0.721957	-2.414219
 - 	383	-90.706398	-1.269759	-1.379396
 - 	384	-85.626953	-1.734439	-0.259129
 - 	385	-80.231316	-2.129610	0.865778
 - 	386	-74.531845	-2.472308	1.935781
 - 	387	-68.535568	-2.776201	2.948643
 - 	388	-62.246754	-3.031535	3.978601
 - 	389	-55.676956	-3.199983	5.100343
 - 	390	-48.865490	-3.229562	6.297053
 - 	391	-41.906265	-3.079492	7.450637
 - 	392	-34.965919	-2.744073	8.400100
 - 	393	-28.279070	-2.262902	9.005178
 - 	394	-22.123119	-1.713379	9.191426
 - 	395	-16.782431	-1.188675	8.975720
 - 	396	-12.505092	-0.767595	8.458385
 - 	397	-9.458451	-0.489589	7.780510
 - 	398	-7.697777	-0.348954	7.074194
 - 	399	-7.160418	-0.308443	6.430296
 - 	400	-7.688890	-0.321316	5.887412
 - 	401	-9.074029	-0.350002	5.441144
 - 	402	-11.103830	-0.375458	5.066224
 - 	403	-13.605489	-0.396219	4.734534
 - 	404	-16.466431	-0.416654	4.423091
 - 	405	-19.625025	-0.430531	4.119709
 - 	406	-23.037056	-0.414297	3.831114
 - 	407	-26.634769	-0.340268	3.589435
 - 	408	-30.298712	-0.200607	3.446393
 - 	409	-33.858261	-0.017251	3.448730
 - 	410	-37.121578	0.175410	3.608355
 - 	411	-39.919422	0.360841	3.890408
 - 	412	-42.142143	0.558578	4.224454
 - 	413	-43.751614	0.817732	4.527316
 - 	414	-44.762897	1.188242	4.730373
 - 	415	-45.211529	1.686630	4.806512
 - 	416	-45.129673	2.281175	4.785975
 - 	417	-44.541195	2.905881	4.752244
 - 	418	-43.467152	3.491941	4.816185
 - 	419	-41.929535	3.994658	5.073491
 - 	420	-39.952629	4.396350	5.560475
 - 	421	-37.567009	4.690857	6.227325
 - 	422	-34.817448	4.869667	6.945548
 - 	423	-31.772337	4.915016	7.557078
 - 	424	-28.531952	4.799031	7.948410
 - 	425	-25.227629	4.493621	8.110694
 - 	426	-22.003544	3.989931	8.146091
 - 	427	-18.988260	3.318221	8.210753
 - 	428	-16.277290	2.554430	8.426114
 - 	429	-13.943226	1.801785	8.808953
 - 	430	-12.064259	1.157147	9.260769
 - 	431	-10.742249	0.684895	9.620958
 - 	432	-10.089252	0.412274	9.752956
 - 	433	-10.190776	0.343949	9.613364
 - 	434	-11.073787	0.474618	9.256287
 - 	435	-12.698092	0.786985	8.781563
 - 	436	-14.972011	1.247246	8.285285
 - 	437	-17.784336	1.808731	7.838984
 - 	438	-21.037748	2.422237	7.481467
 - 	439	-24.668741	3.047684	7.214332
 - 	440	-28.646820	3.660470	7.009984
 - 	441	-32.959835	4.250918	6.831284
 - 	442	-37.599567	4.821823	6.647639
 - 	443	-42.549469	5.383050	6.446809
 - 	444	-47.772964	5.937933	6.244511
 - 	445	-53.210480	6.470706	6.077037
 - 	446	-58.785786	6.946136	5.976920
 - 	447	-64.413704	7.315803	5.951764
 - 	448	-70.007080	7.525734	5.975912
 - 	449	-75.483780	7.530985	5.990727
 - 	450	-80.773453	7.319340	5.911245
 - 	451	-85.822029	6.932089	5.645620
 - 	452	-90.591080	6.464743	5.129032
 - 	453	-95.048859	6.034870	4.347047
 - 	454	-99.156921	5.727146	3.327221
 - 	455	-102.864655	5.560246	2.132641
 - 	456	-106.113983	5.494857	0.865907
 - 	457	-108.844101	5.459887	-0.361166
 - 	458	-110.995712	5.386094	-1.469564
 - 	459	-112.519814	5.236776	-2.416750
 - 	460	-113.385216	5.012528	-3.174324
 - 	461	-113.579399	4.726185	-3.714056
 - 	462	-113.105499	4.372610	-4.018397
 - 	463	-111.978363	3.924691	-4.104371
 - 	464	-110.221504	3.358334	-4.032163
 - 	465	-107.866951	2.676472	-3.877194
 - 	466	-104.956161	1.909104	-3.677534
 - 	467	-101.535721	1.098216	-3.400270
 - 	468	-97.647484	0.285566	-2.966181
 - 	469	-93.320763	-0.493478	-2.313937
 - 	470	-88.575409	-1.209935	-1.439612
 - 	471	-83.432159	-1.836630	-0.385940
 - 	472	-77.918037	-2.346774	0.785306
 - 	473	-72.063179	-2.719211	2.004879
 - 	474	-65.896576	-2.945312	3.207656
 - 	475	-59.448498	-3.025974	4.357056
 - 	476	-52.762875	-2.960653	5.446544
 - 	477	-45.914768	-2.745724	6.469460
 - 	478	-39.025208	-2.385370	7.392725
 - 	479	-32.266865	-1.904132	8.150928
 - 	480	-25.854263	-1.354576	8.660469
 - 	481	-20.022266	-0.814183	8.856393
 - 	482	-15.004179	-0.364543	8.735515
 - 	483	-11.008318	-0.060796	8.370454
 - 	484	-8.186850	0.088317	7.880718
 - 	485	-6.603255	0.119021	7.384111
 - 	486	-6.212654	0.094442	6.959522
 - 	487	-6.867701	0.078532	6.633982
 - 	488	-8.351973	0.109214	6.390842
 - 	489	-10.428951	0.183224	6.189859
 - 	490	-12.892186	0.262347	5.986347
 - 	491	-15.601495	0.296960	5.740750
 - 	492	-18.490021	0.256922	5.423708
 - 	493	-21.544300	0.155597	5.024841
 - 	494	-24.768278	0.049831	4.565418
 - 	495	-28.135748	0.010121	4.109125
 - 	496	-31.551861	0.078142	3.754964
 - 	497	-34.855247	0.244165	3.600548
 - 	498	-37.858383	0.463863	3.695629
 - 	499	-40.397873	0.700537	4.016393
 - 	500	-42.371773	0.954724	4.471221
 - 	501	-43.748623	1.255314	4.934364
 - 	502	-44.546436	1.627403	5.295348
 - 	503	-44.799389	2.069831	5.505540
 - 	504	-44.534355	2.556608	5.598677
 - 	505	-43.765812	3.054357	5.667981
 - 	506	-42.504383	3.536535	5.812658
 - 	507	-40.767456	3.980879	6.089702
 - 	508	-38.582329	4.355450	6.493593
 - 	509	-35.987507	4.612424	6.958921
 - 	510	-33.041653	4.699994	7.388644
 - 	511	-29.834557	4.582652	7.723566
 - 	512	-26.487843	4.258131	7.995295
 - 	513	-23.141512	3.759436	8.281552
 - 	514	-19.932381	3.141572	8.628757
 - 	515	-16.979921	2.474098	9.038199
 - 	516	-14.389928	1.840614	9.480009
 - 	517	-12.267714	1.326368	9.894755
 - 	518	-10.725294	0.995200	10.206592
 - 	519	-9.874158	0.873612	10.352318
 - 	520	-9.803437	0.952433	10.301715
 - 	521	-10.552940	1.200102	10.057034
 - 	522	-12.096142	1.576801	9.645082
 - 	523	-14.343941	2.045259	9.120100
 - 	524	-17.169054	2.576219	8.568951
 - 	525	-20.443577	3.145943	8.088162
 - 	526	-24.075062	3.731595	7.736977
 - 	527	-28.019655	4.312625	7.514627
 - 	528	-32.265888	4.874967	7.381454
 - 	529	-36.807079	5.412714	7.294334
 - 	530	-41.621769	5.925416	7.227024
 - 	531	-46.668037	6.410452	7.169588
 - 	532	-51.890728	6.856672	7.116348
 - 	533	-57.234081	7.245048	7.057448
 - 	534	-62.647301	7.551007	6.980747
 - 	535	-68.079964	7.744507	6.875593
 - 	536	-73.477600	7.798347	6.729140
 - 	537	-78.784721	7.706152	6.519608
 - 	538	-83.947273	7.486288	6.215257
 - 	539	-88.909225	7.168343	5.777426
 - 	540	-93.610985	6.788556	5.166739
 - 	541	-97.992920	6.391741	4.356490
 - 	542	-101.999115	6.025127	3.357236
 - 	543	-105.578667	5.730586	2.241009
 - 	544	-108.682747	5.532837	1.119515
 - 	545	-111.260101	5.428113	0.082738
 - 	546	-113.257919	5.389894	-0.822980
 - 	547	-114.628578	5.381454	-1.576841
 - 	548	-115.337090	5.359386	-2.178403
 - 	549	-115.364944	5.272215	-2.640303
 - 	550	-114.709831	5.061033	-2.978262
 - 	551	-113.383766	4.665701	-3.220174
 - 	552	-111.414597	4.041651	-3.387837
 - 	553	-108.847404	3.187243	-3.455736
 - 	554	-105.737686	2.161501	-3.366524
 - 	555	-102.139938	1.068384	-3.088868
 - 	556	-98.100372	0.015628	-2.638624
 - 	557	-93.657043	-0.917158	-2.042723
 - 	558	-88.843864	-1.683035	-1.302633
 - 	559	-83.692841	-2.263015	-0.410862
 - 	560	-78.233444	-2.666365	0.616013
 - 	561	-72.489708	-2.925354	1.736760
 - 	562	-66.477974	-3.079463	2.901777
 - 	563	-60.212551	-3.156421	4.065825
 - 	564	-53.721741	-3.159443	5.195297
 - 	565	-47.067371	-3.068885	6.268478
 - 	566	-40.360775	-2.856784	7.268100
 - 	567	-33.768185	-2.508921	8.160075
 - 	568	-27.498360	-2.047250	8.872360
 - 	569	-21.775408	-1.536114	9.308116
 - 	570	-16.809578	-1.062755	9.397742
 - 	571	-12.773784	-0.701326	9.151016
 - 	572	-9.783754	-0.481971	8.662232
 - 	573	-7.879078	-0.383802	8.061109
 - 	574	-7.015927	-0.354799	7.451200
 - 	575	-7.083924	-0.344582	6.882758
 - 	576	-7.936766	-0.326030	6.368982
 - 	577	-9.418597	-0.296202	5.914023
 - 	578	-11.386123	-0.267932	5.519454
 - 	579	-13.730252	-0.258292	5.171891
 - 	580	-16.388012	-0.272702	4.840978
 - 	581	-19.332195	-0.292334	4.501401
 - 	582	-22.540157	-0.276506	4.160796
 - 	583	-25.956896	-0.182741	3.867815
 - 	584	-29.470053	0.005839	3.692331
 - 	585	-32.911804	0.266427	3.689859
 - 	586	-36.091888	0.552307	3.871585
 - 	587	-38.844616	0.829477	4.195105
 - 	588	-41.062191	1.102680	4.577013
 - 	589	-42.698711	1.408732	4.920764
 - 	590	-43.751278	1.784659	5.150810
 - 	591	-44.235126	2.237882	5.243484
 - 	592	-44.166668	2.740626	5.244920
 - 	593	-43.561176	3.248111	5.262881
 - 	594	-42.439835	3.722582	5.422863
 - 	595	-40.834404	4.146644	5.799513
 - 	596	-38.785721	4.518503	6.362073
 - 	597	-36.342136	4.828420	6.981546
 - 	598	-33.563759	5.034808	7.502470
 - 	599	-30.532991	5.070801	7.817239
 - 	600	-27.361135	4.879411	7.899125
 - 	601	-24.177824	4.444602	7.809247
 - 	602	-21.106384	3.800500	7.680539
 - 	603	-18.243546	3.024219	7.659699
 - 	604	-15.660026	2.220335	7.829315
 - 	605	-13.422613	1.495175	8.168131
 - 	606	-11.619324	0.926557	8.573279
 - 	607	-10.365560	0.549512	8.916825
 - 	608	-9.783046	0.364547	9.102457
 - 	609	-9.961895	0.357739	9.098363
 - 	610	-10.928471	0.518934	8.933308
 - 	611	-12.638359	0.842907	8.665369
 - 	612	-14.996906	1.315703	8.350014
 - 	613	-17.893988	1.907174	8.028074
 - 	614	-21.234602	2.577533	7.727931
 - 	615	-24.953335	3.287517	7.465848
 - 	616	-29.012152	4.004399	7.242950
 - 	617	-33.387524	4.705294	7.046755
 - 	618	-38.056026	5.380063	6.860786
 - 	619	-42.987324	6.029761	6.679742
 - 	620	-48.145039	6.653629	6.520406
 - 	621	-53.487713	7.230260	6.413002
 - 	622	-58.967113	7.713874	6.374186
 - 	623	-64.528404	8.052654	6.387367
 - 	624	-70.113754	8.209602	6.407221
 - 	625	-75.664017	8.171385	6.376672
 - 	626	-81.115814	7.948759	6.237470
 - 	627	-86.398026	7.574036	5.930279
 - 	628	-91.433807	7.100582	5.398514
 - 	629	-96.148224	6.599891	4.609479
 - 	630	-100.474953	6.146097	3.582188
 - 	631	-104.358482	5.796075	2.396295
 - 	632	-107.752327	5.575404	1.161464
 - 	633	-110.616814	5.474214	-0.031086
 - 	634	-112.917580	5.457580	-1.119895
 - 	635	-114.620728	5.476981	-2.059805
 - 	636	-115.688103	5.469167	-2.825427
 - 	637	-116.082741	5.355577	-3.405015
 - 	638	-115.782608	5.058601	-3.776841
 - 	639	-114.790985	4.534143	-3.908047
 - 	640	-113.136620	3.800343	-3.786919
 - 	641	-110.866821	2.933716	-3.459954
 - 	642	-108.043015	2.033320	-3.019610
 - 	643	-104.735077	1.182242	-2.543019
 - 	644	-101.006447	0.426290	-2.049235
 - 	645	-96.899796	-0.222536	-1.493714
 - 	646	-92.434113	-0.765352	-0.803352
 - 	647	-87.612091	-1.207691	0.045735
 - 	648	-82.433838	-1.566875	1.000467
 - 	649	-76.910217	-1.867703	1.991200
 - 	650	-71.067467	-2.126254	2.980089
 - 	651	-64.942055	-2.340168	3.960004
 - 	652	-58.575073	-2.486786	4.942183
 - 	653	-52.012234	-2.530002	5.934691
 - 	654	-45.311611	-2.436702	6.915389
 - 	655	-38.562016	-2.192309	7.824043
 - 	656	-31.906303	-1.809702	8.575969
 - 	657	-25.552519	-1.334813	9.085678
 - 	658	-19.758677	-0.842840	9.293930
 - 	659	-14.791536	-0.415922	9.187058
 - 	660	-10.877449	-0.112244	8.802330
 - 	661	-8.165653	0.053356	8.220316
 - 	662	-6.708890	0.108528	7.542095
 - 	663	-6.456702	0.106339	6.861992
 - 	664	-7.264708	0.100012	6.253167
 - 	665	-8.928038	0.117573	5.762656
 - 	666	-11.230633	0.149774	5.405191
 - 	667	-13.990585	0.161823	5.160484
 - 	668	-17.085102	0.122677	4.984082
 - 	669	-20.445290	0.031322	4.832322
 - 	670	-24.022434	-0.080215	4.688810
 - 	671	-27.742521	-0.167487	4.574021
 - 	672	-31.477303	-0.200103	4.529119
 - 	673	-35.051201	-0.174865	4.583451
 - 	674	-38.278717	-0.104486	4.730579
 - 	675	-41.013039	0.010878	4.931108
 - 	676	-43.180080	0.202527	5.132612
 - 	677	-44.776669	0.518807	5.285087
 - 	678	-45.839127	0.986297	5.350209
 - 	679	-46.407951	1.582319	5.318452
 - 	680	-46.505165	2.241432	5.231306
 - 	681	-46.128288	2.885576	5.183515
 - 	682	-45.261791	3.454375	5.287500
 - 	683	-43.895634	3.920930	5.614460
 - 	684	-42.034889	4.288179	6.150321
 - 	685	-39.704231	4.571089	6.793044
 - 	686	-36.956459	4.773968	7.393757
 - 	687	-33.877842	4.873021	7.827580
 - 	688	-30.583918	4.821949	8.054420
 - 	689	-27.208748	4.579344	8.128479
 - 	690	-23.884298	4.133348	8.163848
 - 	691	-20.715406	3.514535	8.287640
 - 	692	-17.775295	2.797275	8.586404
 - 	693	-15.132493	2.082920	9.055037
 - 	694	-12.883105	1.468649	9.587115
 - 	695	-11.159397	1.020986	10.026628
 - 	696	-10.109678	0.771453	10.249423
 - 	697	-9.860353	0.730139	10.218478
 - 	698	-10.479158	0.893825	9.973412
 - 	699	-11.956589	1.241875	9.577479
 - 	700	-14.211761	1.737487	9.087243
 - 	701	-17.119524	2.339602	8.558936
 - 	702	-20.547483	3.011034	8.054478
 - 	703	-24.387924	3.716773	7.630530
 - 	704	-28.573057	4.422495	7.322124
 - 	705	-33.069649	5.099874	7.132627
 - 	706	-37.860336	5.733531	7.034378
 - 	707	-42.925003	6.322134	6.982448
 - 	708	-48.229183	6.868014	6.939748
 - 	709	-53.720303	7.358714	6.897551
 - 	710	-59.332809	7.758070	6.870629
 - 	711	-64.999573	8.018401	6.869409
 - 	712	-70.659851	8.101006	6.876323
 - 	713	-76.257294	7.988831	6.847193
 - 	714	-81.733727	7.692907	6.730980
 - 	715	-87.024826	7.254158	6.483723
 - 	716	-92.059181	6.734999	6.063698
 - 	717	-96.762428	6.205671	5.424369
 - 	718	-101.065559	5.732878	4.525844
 - 	719	-104.912186	5.375343	3.370012
 - 	720	-108.260437	5.182341	2.045244
 - 	721	-111.077087	5.172383	0.714658
 - 	722	-113.326668	5.302144	-0.488008
 - 	723	-114.965462	5.472993	-1.541346
 - 	724	-115.947517	5.571665	-2.490721
 - 	725	-116.237434	5.499465	-3.351847
 - 	726	-115.821701	5.183764	-4.070681
 - 	727	-114.714615	4.594038	-4.548383
 - 	728	-112.952766	3.760559	-4.721538
 - 	729	-110.584564	2.772039	-4.632658
 - 	730	-107.666756	1.742636	-4.399156
 - 	731	-104.261673	0.767615	-4.124518
 - 	732	-100.427361	-0.102340	-3.831948
 - 	733	-96.207657	-0.851599	-3.434788
 - 	734	-91.628586	-1.475785	-2.793692
 - 	735	-86.702965	-1.980887	-1.840387
 - 	736	-81.440231	-2.393583	-0.620158
 - 	737	-75.852234	-2.749661	0.766886
 - 	738	-69.950539	-3.070574	2.219604
 - 	739	-63.745132	-3.348875	3.659374
 - 	740	-57.254898	-3.545630	5.037270
 - 	741	-50.527813	-3.605049	6.314953
 - 	742	-43.662338	-3.485182	7.444281
 - 	743	-36.820023	-3.182902	8.372096
 - 	744	-30.219049	-2.735646	9.048421
 - 	745	-24.106064	-2.205950	9.430073
 - 	746	-18.722202	-1.664465	9.496645
 - 	747	-14.277762	-1.179154	9.268094
 - 	748	-10.928973	-0.804755	8.803059
 - 	749	-8.751617	-0.567876	8.181420
 - 	750	-7.723592	-0.457925	7.486581
 - 	751	-7.729080	-0.434431	6.793808
 - 	752	-8.588882	-0.447842	6.160965
 - 	753	-10.108315	-0.462529	5.619462
 - 	754	-12.121616	-0.468631	5.169368
 - 	755	-14.520540	-0.474949	4.785109
 - 	756	-17.262184	-0.489060	4.434515
 - 	757	-20.344957	-0.499502	4.102904
 - 	758	-23.756870	-0.475991	3.808009
 - 	759	-27.423931	-0.392874	3.595146
 - 	760	-31.186655	-0.255015	3.510415
 - 	761	-34.820290	-0.096893	3.568293
 - 	762	-38.090973	0.047577	3.738901
 - 	763	-40.814945	0.175291	3.960057
 - 	764	-42.890125	0.315915	4.158240
 - 	765	-44.293251	0.512797	4.270742
 - 	766	-45.056770	0.804040	4.269089
 - 	767	-45.240898	1.203847	4.170506
 - 	768	-44.908615	1.690561	4.034216
 - 	769	-44.110718	2.218124	3.953508
 - 	770	-42.885029	2.738431	4.036287
 - 	771	-41.261055	3.212048	4.366995
 - 	772	-39.261879	3.607862	4.967636
 - 	773	-36.908619	3.900695	5.776557
 - 	774	-34.234207	4.067262	6.654541
 - 	775	-31.299717	4.079307	7.429722
 - 	776	-28.200888	3.904304	7.972937
 - 	777	-25.058531	3.525063	8.261639
 - 	778	-21.996717	2.967370	8.386287
 - 	779	-19.126133	2.308815	8.487951
 - 	780	-16.547195	1.658547	8.667317
 - 	781	-14.365829	1.120589	8.929067
 - 	782	-12.703583	0.761298	9.198826
 - 	783	-11.688108	0.603125	9.388169
 - 	784	-11.425409	0.643204	9.448073
 - 	785	-11.970315	0.867256	9.378175
 - 	786	-13.309256	1.248172	9.201767
 - 	787	-15.363177	1.745508	8.940361
 - 	788	-18.014696	2.314572	8.610822
 - 	789	-21.147943	2.920056	8.234905
 - 	790	-24.678286	3.544362	7.841698
 - 	791	-28.560270	4.183772	7.459393
 - 	792	-32.778107	4.836119	7.106926
 - 	793	-37.327320	5.489338	6.794178
 - 	794	-42.195751	6.118638	6.528378
 - 	795	-47.352020	6.691281	6.319398
 - 	796	-52.744366	7.170372	6.177145
 - 	797	-58.305058	7.514808	6.102418
 - 	798	-63.954800	7.682085	6.080584
 - 	799	-69.609993	7.643284	6.080469
 - 	800	-75.195175	7.402645	6.058599
 - 	801	-80.649513	7.000685	5.967189
 - 	802	-85.922340	6.504064	5.756741
 - 	803	-90.964348	5.998705	5.377417
 - 	804	-95.720970	5.581064	4.793605
 - 	805	-100.130165	5.332679	4.003437
 - 	806	-104.124321	5.283851	3.043699
 - 	807	-107.635315	5.396443	1.985882
 - 	808	-110.600388	5.580689	0.925284
 - 	809	-112.965439	5.730906	-0.062050
 - 	810	-114.685982	5.762330	-0.977876
 - 	811	-115.731125	5.633158	-1.890627
 - 	812	-116.091568	5.340137	-2.832247
 - 	813	-115.781326	4.898911	-3.724769
 - 	814	-114.826981	4.331210	-4.422626
 - 	815	-113.255463	3.664335	-4.808076
 - 	816	-111.092018	2.931440	-4.855280
 - 	817	-108.367691	2.167713	-4.624961
 - 	818	-105.125023	1.406847	-4.205437
 - 	819	-101.413704	0.674811	-3.666902
 - 	820	-97.280930	-0.016521	-3.055121
 - 	821	-92.766296	-0.662788	-2.378640
 - 	822	-87.902641	-1.249598	-1.591007
 - 	823	-82.717720	-1.747797	-0.630256
 - 	824	-77.232300	-2.133247	0.512891
 - 	825	-71.454918	-2.405141	1.786550
 - 	826	-65.381287	-2.577211	3.121035
 - 	827	-59.006100	-2.655212	4.451610
 - 	828	-52.346184	-2.629961	5.706735
 - 	829	-45.469158	-2.490524	6.810370
 - 	830	-38.514797	-2.237218	7.704258
 - 	831	-31.693840	-1.886097	8.346458
 - 	832	-25.264095	-1.473572	8.698745
 - 	833	-19.497402	-1.056186	8.742092
 - 	834	-14.647501	-0.696797	8.499374
 - 	835	-10.919765	-0.444786	8.034130
 - 	836	-8.439244	-0.318449	7.431383
 - 	837	-7.224491	-0.296464	6.776987
 - 	838	-7.183785	-0.328526	6.145724
 - 	839	-8.141325	-0.360928	5.595985
 - 	840	-9.888639	-0.360280	5.161248
 - 	841	-12.242590	-0.324547	4.841324
 - 	842	-15.080549	-0.278036	4.608105
 - 	843	-18.336069	-0.252539	4.424149
 - 	844	-21.959511	-0.264665	4.255814
 - 	845	-25.864748	-0.303094	4.081486
 - 	846	-29.896910	-0.335154	3.904814
 - 	847	-33.843067	-0.327754	3.757944
 - 	848	-37.476501	-0.262801	3.682527
 - 	849	-40.609913	-0.132225	3.703361
 - 	850	-43.133720	0.076590	3.810796
 - 	851	-45.024342	0.382618	3.958976
 - 	852	-46.320927	0.796802	4.083611
 - 	853	-47.085278	1.307083	4.133043
 - 	854	-47.368961	1.875699	4.096783
 - 	855	-47.201344	2.447113	4.018951
 - 	856	-46.594524	2.964019	3.994204
 - 	857	-45.552780	3.389846	4.143674
 - 	858	-44.077126	3.718473	4.566315
 - 	859	-42.165783	3.960006	5.283571
 - 	860	-39.819916	4.122521	6.214245
 - 	861	-37.058205	4.203114	7.197198
 - 	862	-33.933216	4.181942	8.054731
 - 	863	-30.540125	4.022797	8.672801
 - 	864	-27.012590	3.694393	9.049950
 - 	865	-23.506113	3.203912	9.278404
 - 	866	-20.178331	2.610421	9.478477
 - 	867	-17.178120	2.007921	9.725477
 - 	868	-14.645608	1.494944	9.999154
 - 	869	-12.713791	1.145185	10.201416
 - 	870	-11.500476	0.992830	10.236576
 - 	871	-11.091692	1.038174	10.067821
 - 	872	-11.523867	1.260518	9.716948
 - 	873	-12.771214	1.626784	9.249552
 - 	874	-14.751059	2.095537	8.752356
 - 	875	-17.351227	2.620937	8.296366
 - 	876	-20.463247	3.160429	7.913417
 - 	877	-24.005714	3.685568	7.595443
 - 	878	-27.931259	4.190136	7.306244
 - 	879	-32.216778	4.687406	7.006768
 - 	880	-36.844234	5.196317	6.685553
 - 	881	-41.783768	5.725775	6.370990
 - 	882	-46.985672	6.264103	6.115764
 - 	883	-52.380062	6.775245	5.967984
 - 	884	-57.883614	7.201314	5.948637
 - 	885	-63.413197	7.473033	6.042961
 - 	886	-68.899727	7.530654	6.202810
 - 	887	-74.292595	7.348162	6.355947
 - 	888	-79.554848	6.950589	6.419828
 - 	889	-84.656212	6.419389	6.320086
 - 	890	-89.566177	5.876966	6.009603
 - 	891	-94.244621	5.445436	5.471481
 - 	892	-98.634148	5.199344	4.706194
 - 	893	-102.662437	5.146067	3.731797
 - 	894	-106.251732	5.235101	2.594528
 - 	895	-109.326645	5.376741	1.357952
 - 	896	-111.819885	5.472725	0.080602
 - 	897	-113.678772	5.454214	-1.179434
 - 	898	-114.869934	5.299111	-2.335775
 - 	899	-115.378632	5.018158	-3.270378
 - 	900	-115.204681	4.629447	-3.875668
 - 	901	-114.356995	4.144145	-4.115382
 - 	902	-112.850395	3.567274	-4.053893
 - 	903	-110.709610	2.906592	-3.803461
 - 	904	-107.974922	2.185217	-3.443246
 - 	905	-104.699654	1.446425	-3.006598
 - 	906	-100.941223	0.740170	-2.511719
 - 	907	-96.751587	0.103721	-1.970237
 - 	908	-92.170502	-0.445294	-1.366665
 - 	909	-87.224266	-0.901117	-0.647601
 - 	910	-81.930534	-1.260742	0.238293
 - 	911	-76.304665	-1.525185	1.289892
 - 	912	-70.361290	-1.708849	2.445840
 - 	913	-64.114372	-1.843973	3.608820
 - 	914	-57.584690	-1.962481	4.693219
 - 	915	-50.816795	-2.067985	5.661623
 - 	916	-43.900597	-2.131348	6.513584
 - 	917	-36.987846	-2.107942	7.254457
 - 	918	-30.290926	-1.963374	7.870887
 - 	919	-24.061962	-1.699735	8.325402
 - 	920	-18.557859	-1.364014	8.574142
 - 	921	-13.997984	-1.031818	8.590372
 - 	922	-10.528506	-0.776429	8.379531
 - 	923	-8.203295	-0.639772	7.981277
 - 	924	-6.982973	-0.620439	7.460799
 - 	925	-6.753478	-0.682832	6.892749
 - 	926	-7.355735	-0.778303	6.341232
 - 	927	-8.614677	-0.866899	5.844394
 - 	928	-10.366658	-0.931807	5.411245
 - 	929	-12.482328	-0.977385	5.032707
 - 	930	-14.880442	-1.011681	4.698701
 - 	931	-17.531988	-1.027929	4.405387
 - 	932	-20.445110	-0.996497	4.150400
 - 	933	-23.621559	-0.870861	3.934442
 - 	934	-27.004072	-0.609183	3.776699
 - 	935	-30.452894	-0.205428	3.719456
 - 	936	-33.768898	0.293347	3.801339
 - 	937	-36.746941	0.806534	4.017941
 - 	938	-39.228432	1.266783	4.304408
 - 	939	-41.128231	1.655097	4.554977
 - 	940	-42.426685	1.996622	4.671144
 - 	941	-43.137745	2.328913	4.615221
 - 	942	-43.280087	2.674819	4.441515
 - 	943	-42.869381	3.037860	4.288042
 - 	944	-41.923592	3.412439	4.327875
 - 	945	-40.466457	3.788050	4.695821
 - 	946	-38.526173	4.141916	5.422854
 - 	947	-36.135616	4.435141	6.409315
 - 	948	-33.341076	4.619838	7.452939
 - 	949	-30.218956	4.649992	8.324860
 - 	950	-26.887325	4.488602	8.858518
 - 	951	-23.496801	4.115146	9.019626
 - 	952	-20.201927	3.541746	8.929885
 - 	953	-17.134190	2.824818	8.804322
 - 	954	-14.394865	2.055001	8.822690
 - 	955	-12.066153	1.333795	9.027075
 - 	956	-10.230861	0.745514	9.311458
 - 	957	-8.985189	0.334493	9.509138
 - 	958	-8.430188	0.110655	9.512830
 - 	959	-8.647703	0.074284	9.324061
 - 	960	-9.673122	0.225997	9.012370
 - 	961	-11.475153	0.559516	8.655673
 - 	962	-13.958554	1.055099	8.311502
 - 	963	-16.994692	1.679099	8.012990
 - 	964	-20.464058	2.388380	7.771091
 - 	965	-24.289064	3.140950	7.576332
 - 	966	-28.441822	3.908794	7.405820
 - 	967	-32.925827	4.680541	7.238994
 - 	968	-37.746761	5.448760	7.072289
 - 	969	-42.889919	6.192794	6.921553
 - 	970	-48.312073	6.872557	6.811032
 - 	971	-53.945309	7.434532	6.758600
 - 	972	-59.706646	7.823336	6.764852
 - 	973	-65.511452	8.000767	6.804538
 - 	974	-71.285324	7.962450	6.826793
 - 	975	-76.965843	7.733075	6.768078
 - 	976	-82.495193	7.347393	6.561993
 - 	977	-87.812790	6.844686	6.142719
 - 	978	-92.853920	6.282640	5.459684
 - 	979	-97.552322	5.743644	4.505278
 - 	980	-101.843384	5.316558	3.336382
 - 	981	-105.666283	5.058560	2.058220
 - 	982	-108.964485	4.961400	0.772036
 - 	983	-111.685600	4.957967	-0.455976
 - 	984	-113.782364	4.961193	-1.579715
 - 	985	-115.215813	4.896260	-2.550636
 - 	986	-115.960388	4.712967	-3.326419
 - 	987	-116.007172	4.384825	-3.895618
 - 	988	-115.362869	3.901322	-4.284122
 - 	989	-114.046722	3.262045	-4.539919
 - 	990	-112.090836	2.481995	-4.696119
 - 	991	-109.540222	1.602467	-4.746962
 - 	992	-106.447952	0.686851	-4.670125
 - 	993	-102.869164	-0.202089	-4.437781
 - 	994	-98.855850	-1.015895	-3.990168
 - 	995	-94.451500	-1.713822	-3.254689
 - 	996	-89.689713	-2.263070	-2.225198
 - 	997	-84.596832	-2.654754	-0.994428
 - 	998	-79.192551	-2.908785	0.307972
 - 	999	-73.487045	-3.057273	1.593163
 - 	1000	-67.479050	-3.128638	2.824922
 - 	1001	-61.162598	-3.143909	3.991614
 - 	1002	-54.549603	-3.109681	5.092845
 - 	1003	-47.701950	-3.009054	6.121458
 - 	1004	-40.755238	-2.812520	7.039867
 - 	1005	-33.920918	-2.503318	7.793725
 - 	1006	-27.464664	-2.094788	8.346031
 - 	1007	-21.668032	-1.631883	8.688479
 - 	1008	-16.785248	-1.179887	8.827414
 - 	1009	-13.006258	-0.806554	8.769859
 - 	1010	-10.430624	-0.557664	8.529686
 - 	1011	-9.054854	-0.434749	8.139603
 - 	1012	-8.779435	-0.395524	7.649636
 - 	1013	-9.438870	-0.380433	7.115682
 - 	1014	-10.843334	-0.345541	6.586941
 - 	1015	-12.811467	-0.280493	6.094444
 - 	1016	-15.188976	-0.205116	5.643811
 - 	1017	-17.860775	-0.148518	5.220760
 - 	1018	-20.755028	-0.122798	4.810799
 - 	1019	-23.831312	-0.110578	4.419328
 - 	1020	-27.050926	-0.076058	4.078572
 - 	1021	-30.340033	0.009608	3.838393
 - 	1022	-33.571243	0.148870	3.743876
 - 	1023	-36.580215	0.321893	3.810237
 - 	1024	-39.206532	0.511125	4.010561
 - 	1025	-41.334438	0.722857	4.282054
 - 	1026	-42.910408	0.986622	4.545549
 - 	1027	-43.930317	1.333665	4.732080
 - 	1028	-44.411793	1.773062	4.811621
 - 	1029	-44.373692	2.284734	4.813250
 - 	1030	-43.831806	2.831342	4.817399
 - 	1031	-42.804634	3.374882	4.915368
 - 	1032	-41.315292	3.884475	5.159690
 - 	1033	-39.388363	4.333693	5.535096
 - 	1034	-37.051350	4.691402	5.968664
 - 	1035	-34.344616	4.914050	6.373085
 - 	1036	-31.336218	4.951232	6.694747
 - 	1037	-28.128723	4.764386	6.942185
 - 	1038	-24.847527	4.346409	7.178892
 - 	1039	-21.617668	3.731582	7.483207
 - 	1040	-18.550173	2.991349	7.903082
 - 	1041	-15.746547	2.218923	8.428762
 - 	1042	-13.308990	1.511983	8.990890
 - 	1043	-11.349597	0.956795	9.485147
 - 	1044	-9.995377	0.611808	9.815679
 - 	1045	-9.374481	0.498488	9.931688
 - 	1046	-9.584609	0.604633	9.829086
 - 	1047	-10.660975	0.897049	9.534128
 - 	1048	-12.559288	1.338435	9.101412
 - 	1049	-15.169161	1.895988	8.607475
 - 	1050	-18.356215	2.539629	8.125468
 - 	1051	-22.004477	3.240216	7.706806
 - 	1052	-26.036613	3.969976	7.376909
 - 	1053	-30.411888	4.704290	7.133929
 - 	1054	-35.110146	5.424192	6.953693
 - 	1055	-40.110104	6.115470	6.806742
 - 	1056	-45.372597	6.762890	6.678338
 - 	1057	-50.838264	7.343147	6.572439
 - 	1058	-56.438084	7.821504	6.496767
 - 	1059	-62.104095	8.156453	6.446722
 - 	1060	-67.772522	8.311365	6.402295
 - 	1061	-73.381233	8.266930	6.334565
 - 	1062	-78.866081	8.027816	6.207841
 - 	1063	-84.158775	7.622362	5.971941
 - 	1064	-89.191086	7.105149	5.558513
 - 	1065	-93.902298	6.558556	4.898279
 - 	1066	-98.240967	6.077253	3.961970
 - 	1067	-102.159927	5.739381	2.800069
 - 	1068	-105.608955	5.574626	1.525905
 - 	1069	-108.531975	5.550069	0.246920
 - 	1070	-110.872902	5.593942	-0.973505
 - 	1071	-112.586296	5.634818	-2.086434
 - 	1072	-113.645889	5.620796	-3.002044
 - 	1073	-114.042526	5.511127	-3.605879
 - 	1074	-113.774300	5.264295	-3.853281
 - 	1075	-112.844582	4.846469	-3.801580
 - 	1076	-111.269234	4.249979	-3.549945
 - 	1077	-109.080147	3.503701	-3.193237
 - 	1078	-106.321045	2.666976	-2.816679
 - 	1079	-103.041748	1.804744	-2.474653
 - 	1080	-99.292152	0.965290	-2.156068
 - 	1081	-95.114998	0.180923	-1.792170
 - 	1082	-90.542664	-0.519788	-1.299986
 - 	1083	-85.599762	-1.110531	-0.629705
 - 	1084	-80.307663	-1.579501	0.209872
 - 	1085	-74.686966	-1.934114	1.175614
 - 	1086	-68.755363	-2.188293	2.226188
 - 	1087	-62.527836	-2.345966	3.329095
 - 	1088	-56.029301	-2.394406	4.452376
 - 	1089	-49.316589	-2.315842	5.550164
 - 	1090	-42.499649	-2.108946	6.556322
 - 	1091	-35.752380	-1.798088	7.405593
 - 	1092	-29.302515	-1.426067	8.056424
 - 	1093	-23.400743	-1.044039	8.485584
 - 	1094	-18.283913	-0.705597	8.677766
 - 	1095	-14.144758	-0.458972	8.635287
 - 	1096	-11.110190	-0.331834	8.392193
 - 	1097	-9.226813	-0.315756	8.012815
 - 	1098	-8.455660	-0.364373	7.574210
 - 	1099	-8.681371	-0.412186	7.140774
 - 	1100	-9.734679	-0.405511	6.743146
 - 	1101	-11.420076	-0.326304	6.374634
 - 	1102	-13.545823	-0.196323	6.007940
 - 	1103	-15.956580	-0.061450	5.620204
 - 	1104	-18.559561	0.037167	5.209503
 - 	1105	-21.323631	0.090694	4.794189
 - 	1106	-24.244947	0.130449	4.402319
 - 	1107	-27.302643	0.208722	4.065278
 - 	1108	-30.427700	0.366342	3.818057
 - 	1109	-33.495323	0.610069	3.696494
 - 	1110	-36.349239	0.915433	3.725688
 - 	1111	-38.847561	1.252301	3.903237
 - 	1112	-40.897907	1.609050	4.183251
 - 	1113	-42.460419	1.993003	4.476247
 - 	1114	-43.525185	2.411470	4.682657
 - 	1115	-44.087265	2.854969	4.747793
 - 	1116	-44.136211	3.297110	4.699993
 - 	1117	-43.660725	3.707316	4.643804
 - 	1118	-42.660511	4.063099	4.709624
 - 	1119	-41.154858	4.353469	4.984467
 - 	1120	-39.182236	4.571717	5.463538
 - 	1121	-36.796669	4.704162	6.058563
 - 	1122	-34.067348	4.726048	6.653281
 - 	1123	-31.083084	4.607120	7.162871
 - 	1124	-27.957386	4.323955	7.567371
 - 	1125	-24.821037	3.876498	7.909926
 - 	1126	-21.799652	3.301276	8.263468
 - 	1127	-18.996300	2.670263	8.678269
 - 	1128	-16.497292	2.070286	9.138034
 - 	1129	-14.394449	1.573581	9.556181
 - 	1130	-12.796743	1.221538	9.819062
 - 	1131	-11.816813	1.031107	9.851004
 - 	1132	-11.548737	1.007942	9.654132
 - 	1133	-12.052255	1.148028	9.293826
 - 	1134	-13.339334	1.433660	8.853434
 - 	1135	-15.364716	1.839572	8.402877
 - 	1136	-18.033756	2.341377	7.992410
 - 	1137	-21.231180	2.912423	7.651219
 - 	1138	-24.854944	3.521619	7.384099
 - 	1139	-28.836967	4.142489	7.175395
 - 	1140	-33.144424	4.761642	7.001224
 - 	1141	-37.764889	5.375319	6.845483
 - 	1142	-42.684624	5.977201	6.709713
 - 	1143	-47.871628	6.551247	6.605720
 - 	1144	-53.268791	7.072026	6.540557
 - 	1145	-58.797546	7.502477	6.510129
 - 	1146	-64.371696	7.793641	6.496582
 - 	1147	-69.914314	7.897166	6.461691
 - 	1148	-75.366295	7.785464	6.344460
 - 	1149	-80.683914	7.467750	6.071793
 - 	1150	-85.829475	6.997956	5.580769
 - 	1151	-90.759514	6.468351	4.838885
 - 	1152	-95.416786	5.983027	3.851933
 - 	1153	-99.734062	5.627273	2.676665
 - 	1154	-103.645264	5.442595	1.429250
 - 	1155	-107.091324	5.405975	0.246198
 - 	1156	-110.018623	5.436100	-0.781310
 - 	1157	-112.377037	5.436706	-1.634142
 - 	1158	-114.122482	5.343321	-2.337483
 - 	1159	-115.222641	5.136974	-2.923917
 - 	1160	-115.660515	4.824080	-3.421472
 - 	1161	-115.434242	4.408235	-3.843373
 - 	1162	-114.554703	3.877782	-4.169009
 - 	1163	-113.040710	3.216650	-4.353226
 - 	1164	-110.916260	2.427387	-4.371817
 - 	1165	-108.213387	1.546340	-4.246895
 - 	1166	-104.975197	0.636749	-4.020317
 - 	1167	-101.251930	-0.236709	-3.712306
 - 	1168	-97.092323	-1.029255	-3.294983
 - 	1169	-92.536774	-1.718102	-2.698629
 - 	1170	-87.616013	-2.293881	-1.858412
 - 	1171	-82.353783	-2.753640	-0.760621
 - 	1172	-76.768562	-3.098311	0.546647
 - 	1173	-70.874313	-3.330216	1.968011
 - 	1174	-64.684593	-3.448666	3.387347
 - 	1175	-58.223267	-3.446263	4.708004
 - 	1176	-51.538391	-3.310496	5.880154
 - 	1177	-44.712833	-3.035496	6.887726
 - 	1178	-37.873089	-2.633388	7.720804
 - 	1179	-31.197758	-2.135858	8.359380
 - 	1180	-24.911320	-1.592902	8.770065
 - 	1181	-19.255602	-1.068563	8.919043
 - 	1182	-14.455510	-0.628070	8.796183
 - 	1183	-10.693023	-0.320430	8.432676
 - 	1184	-8.083253	-0.162671	7.899024
 - 	1185	-6.651743	-0.131608	7.287801
 - 	1186	-6.328720	-0.172366	6.694966
 - 	1187	-6.969347	-0.224650	6.204407
 - 	1188	-8.390053	-0.251724	5.867720
 - 	1189	-10.407557	-0.252825	5.681444
 - 	1190	-12.873674	-0.252684	5.583775
 - 	1191	-15.696950	-0.276119	5.482274
 - 	1192	-18.840921	-0.320853	5.295983
 - 	1193	-22.294327	-0.347322	4.991307
 - 	1194	-26.018314	-0.298787	4.597645
 - 	1195	-29.899986	-0.139703	4.193196
 - 	1196	-33.749691	0.116460	3.869120
 - 	1197	-37.344986	0.412173	3.691805
 - 	1198	-40.491386	0.682642	3.677855
 - 	1199	-43.067822	0.898724	3.789770
 - 	1200	-45.036755	1.086256	3.954086
 - 	1201	-46.418938	1.308027	4.095540
 - 	1202	-47.254688	1.618759	4.172357
 - 	1203	-47.576031	2.027077	4.196873
 - 	1204	-47.398182	2.493730	4.234055
 - 	1205	-46.725945	2.961108	4.378822
 - 	1206	-45.566162	3.386543	4.716293
 - 	1207	-43.936649	3.756036	5.278704
 - 	1208	-41.866806	4.073812	6.020957
 - 	1209	-39.395058	4.340461	6.822656
 - 	1210	-36.570911	4.533208	7.523721
 - 	1211	-33.461620	4.599701	7.999583
 - 	1212	-30.159489	4.480429	8.229884
 - 	1213	-26.783220	4.150700	8.303380
 - 	1214	-23.467018	3.644380	8.366759
 - 	1215	-20.345428	3.044980	8.549983
 - 	1216	-17.548075	2.456625	8.895494
 - 	1217	-15.202765	1.968278	9.337806
 - 	1218	-13.434442	1.632936	9.751927
 - 	1219	-12.354952	1.472676	10.027169
 - 	1220	-12.049986	1.489805	10.109004
 - 	1221	-12.567387	1.669348	9.988070
 - 	1222	-13.901249	1.985898	9.678912
 - 	1223	-15.981708	2.417789	9.226647
 - 	1224	-18.692715	2.946459	8.705900
 - 	1225	-21.912031	3.543312	8.188512
 - 	1226	-25.544333	4.170091	7.718373
 - 	1227	-29.532284	4.793661	7.313578
 - 	1228	-33.849388	5.396879	6.979827
 - 	1229	-38.484524	5.976750	6.720769
 - 	1230	-43.425156	6.533992	6.539785
 - 	1231	-48.641090	7.059984	6.438214
 - 	1232	-54.075298	7.528629	6.413129
 - 	1233	-59.650501	7.903115	6.450541
 - 	1234	-65.284004	8.147258	6.519938
 - 	1235	-70.896698	8.225557	6.576070
 - 	1236	-76.416023	8.105996	6.562921
 - 	1237	-81.778809	7.780914	6.418549
 - 	1238	-86.933594	7.296129	6.089122
 - 	1239	-91.838905	6.763049	5.550927
 - 	1240	-96.452393	6.324607	4.813494
 - 	1241	-100.715752	6.086254	3.897792
 - 	1242	-104.552116	6.065736	2.820606
 - 	1243	-107.880424	6.192800	1.602298
 - 	1244	-110.634438	6.354087	0.300511
 - 	1245	-112.772514	6.449121	-0.966508
 - 	1246	-114.272072	6.414889	-2.062679
 - 	1247	-115.116791	6.221334	-2.908468
 - 	1248	-115.291969	5.863256	-3.506493
 - 	1249	-114.789894	5.351483	-3.900925
 - 	1250	-113.616173	4.705300	-4.125207
 - 	1251	-111.791893	3.954350	-4.203608
 - 	1252	-109.354538	3.139308	-4.187626
 - 	1253	-106.357872	2.303310	-4.146317
 - 	1254	-102.864685	1.483427	-4.098133
 - 	1255	-98.931351	0.704779	-3.965021
 - 	1256	-94.593559	-0.023433	-3.614380
 - 	1257	-89.866173	-0.704705	-2.949645
 - 	1258	-84.757545	-1.342536	-1.963840
 - 	1259	-79.284042	-1.927706	-0.741516
 - 	1260	-73.472046	-2.440949	0.579116
 - 	1261	-67.348824	-2.864227	1.882390
 - 	1262	-60.936905	-3.180676	3.127029
 - 	1263	-54.265694	-3.365061	4.328408
 - 	1264	-47.395214	-3.383369	5.502339
 - 	1265	-40.437683	-3.213528	6.612679
 - 	1266	-33.569702	-2.870563	7.566414
 - 	1267	-27.025326	-2.410301	8.258823
 - 	1268	-21.065163	-1.912614	8.619163
 - 	1269	-15.936910	-1.458124	8.631239
 - 	1270	-11.843285	-1.107716	8.333894
 - 	1271	-8.918161	-0.890554	7.808643
 - 	1272	-7.206142	-0.799703	7.161386
 - 	1273	-6.651992	-0.796346	6.501037
 - 	1274	-7.113910	-0.828218	5.917074
 - 	1275	-8.399136	-0.855473	5.460369
 - 	1276	-10.306813	-0.866343	5.134819
 - 	1277	-12.666351	-0.872844	4.906101
 - 	1278	-15.362549	-0.890769	4.719923
 - 	1279	-18.339216	-0.917883	4.520792
 - 	1280	-21.576750	-0.924190	4.274506
 - 	1281	-25.048176	-0.862068	3.991494
 - 	1282	-28.674204	-0.695255	3.733691
 - 	1283	-32.307716	-0.427311	3.587056
 - 	1284	-35.759010	-0.102699	3.608934
 - 	1285	-38.842274	0.222532	3.789587
 - 	1286	-41.416958	0.518053	4.053543
 - 	1287	-43.407219	0.796278	4.295144
 - 	1288	-44.793682	1.093851	4.429445
 - 	1289	-45.588936	1.435974	4.435249
 - 	1290	-45.816536	1.818888	4.368164
 - 	1291	-45.503334	2.218955	4.335598
 - 	1292	-44.678711	2.610358	4.450050
 - 	1293	-43.373058	2.976377	4.787039
 - 	1294	-41.614914	3.310182	5.361736
 - 	1295	-39.430065	3.607998	6.125762
 - 	1296	-36.848236	3.858015	6.978341
 - 	1297	-33.919189	4.029148	7.786342
 - 	1298	-30.726881	4.072111	8.416154
 - 	1299	-27.387877	3.937531	8.782820
 - 	1300	-24.036112	3.599056	8.901539
 - 	1301	-20.805145	3.073280	8.890655
 - 	1302	-17.816433	2.427016	8.901073
 - 	1303	-15.180753	1.758116	9.027939
 - 	1304	-13.008083	1.161629	9.268965
 - 	1305	-11.409958	0.707719	9.539526
 - 	1306	-10.488516	0.438228	9.728640
 - 	1307	-10.318741	0.372234	9.760400
 - 	1308	-10.931709	0.508272	9.615109
 - 	1309	-12.304081	0.824011	9.312290
 - 	1310	-14.360438	1.284159	8.894593
 - 	1311	-16.992599	1.852873	8.421644
 - 	1312	-20.090178	2.498552	7.958394
 - 	1313	-23.568020	3.190743	7.554924
 - 	1314	-27.377272	3.898859	7.229736
 - 	1315	-31.499580	4.597425	6.970974
 - 	1316	-35.933197	5.271147	6.755233
 - 	1317	-40.675980	5.912534	6.567707
 - 	1318	-45.709145	6.511459	6.410460
 - 	1319	-50.988964	7.044465	6.294672
 - 	1320	-56.450752	7.474612	6.222644
 - 	1321	-62.018642	7.756628	6.175989
 - 	1322	-67.612892	7.842419	6.118293
 - 	1323	-73.157654	7.702848	6.008035
 - 	1324	-78.589249	7.360522	5.814956
 - 	1325	-83.856133	6.897757	5.525671
 - 	1326	-88.910187	6.426653	5.124878
 - 	1327	-93.697899	6.044553	4.567759
 - 	1328	-98.159004	5.810796	3.793795
 - 	1329	-102.232193	5.753547	2.793174
 - 	1330	-105.857399	5.869453	1.636739
 - 	1331	-108.971848	6.106167	0.413204
 - 	1332	-111.509087	6.370077	-0.834474
 - 	1333	-113.407822	6.566915	-2.085098
 - 	1334	-114.625534	6.632175	-3.281046
 - 	1335	-115.145844	6.527278	-4.322258
 - 	1336	-114.975281	6.223893	-5.109513
 - 	1337	-114.133957	5.704388	-5.595656
 - 	1338	-112.648529	4.974646	-5.805019
 - 	1339	-110.554016	4.074648	-5.789427
 - 	1340	-107.897980	3.080708	-5.568342
 - 	1341	-104.736038	2.090459	-5.121696
 - 	1342	-101.119186	1.190186	-4.426498
 - 	1343	-97.081276	0.424734	-3.498620
 - 	1344	-92.636345	-0.207357	-2.404638
 - 	1345	-87.788330	-0.734280	-1.232245
 - 	1346	-82.545235	-1.191541	-0.048911
 - 	1347	-76.927788	-1.611889	1.123417
 - 	1348	-70.969597	-2.012197	2.297836
 - 	1349	-64.710938	-2.381842	3.475133
 - 	1350	-58.194530	-2.687840	4.610676
 - 	1351	-51.473396	-2.890590	5.643637
 - 	1352	-44.631638	-2.954954	6.549057
 - 	1353	-37.805004	-2.859214	7.338298
 - 	1354	-31.186932	-2.605160	8.016753
 - 	1355	-25.014015	-2.220649	8.555817
 - 	1356	-19.533411	-1.757437	8.897264
 - 	1357	-14.965182	-1.286677	8.982655
 - 	1358	-11.471829	-0.879134	8.791718
 - 	1359	-9.138019	-0.576280	8.362296
 - 	1360	-7.960470	-0.380480	7.777005
 - 	1361	-7.849344	-0.269091	7.129805
 - 	1362	-8.645244	-0.214042	6.496158
 - 	1363	-10.154274	-0.196174	5.920335
 - 	1364	-12.192146	-0.210025	5.419332
 - 	1365	-14.621663	-0.256343	4.993567
 - 	1366	-17.370192	-0.327924	4.636606
 - 	1367	-20.414873	-0.400175	4.344986
 - 	1368	-23.736748	-0.435356	4.127910
 - 	1369	-27.269815	-0.399570	4.009416
 - 	1370	-30.877831	-0.281039	4.017867
 - 	1371	-34.371662	-0.094860	4.166273
 - 	1372	-37.553570	0.134022	4.435739
 - 	1373	-40.263420	0.395567	4.773113
 - 	1374	-42.406334	0.700717	5.101058
 - 	1375	-43.952816	1.068878	5.339266
 - 	1376	-44.916862	1.510605	5.436487
 - 	1377	-45.327023	2.010517	5.396592
 - 	1378	-45.207779	2.526250	5.283847
 - 	1379	-44.578236	3.010252	5.208682
 - 	1380	-43.460087	3.434200	5.295055
 - 	1381	-41.883389	3.797048	5.628695
 - 	1382	-39.885441	4.112271	6.203929
 - 	1383	-37.505928	4.381987	6.912842
 - 	1384	-34.788540	4.576332	7.596892
 - 	1385	-31.793896	4.637126	8.122661
 - 	1386	-28.613020	4.506438	8.440887
 - 	1387	-25.367146	4.158948	8.608563
 - 	1388	-22.192114	3.618880	8.753082
 - 	1389	-19.216463	2.958919	8.992628
 - 	1390	-16.549688	2.281846	9.363753
 - 	1391	-14.290500	1.687348	9.794644
 - 	1392	-12.542290	1.242836	10.141511
 - 	1393	-11.413984	0.975051	10.271757
 - 	1394	-11.003912	0.880437	10.133195
 - 	1395	-11.377549	0.945567	9.768108
 - 	1396	-12.546549	1.160128	9.277643
 - 	1397	-14.460634	1.511079	8.761377
 - 	1398	-17.021687	1.974709	8.277609
 - 	1399	-20.113894	2.519048	7.846387
 - 	1400	-23.635269	3.109776	7.469793
 - 	1401	-27.515867	3.715952	7.148987
 - 	1402	-31.717276	4.313602	6.890620
 - 	1403	-36.219563	4.885069	6.699142
 - 	1404	-41.005329	5.418255	6.565547
 - 	1405	-46.048122	5.909446	6.465944
 - 	1406	-51.307453	6.363591	6.375135
 - 	1407	-56.728104	6.782582	6.286926
 - 	1408	-62.242416	7.146377	6.218871
 - 	1409	-67.777031	7.406817	6.191242
 - 	1410	-73.262901	7.506688	6.197596
 - 	1411	-78.640518	7.406300	6.192627
 - 	1412	-83.855904	7.096867	6.104295
 - 	1413	-88.854713	6.609593	5.856188
 - 	1414	-93.579659	6.018369	5.385694
 - 	1415	-97.970276	5.418690	4.653280
 - 	1416	-101.967232	4.898214	3.654785
 - 	1417	-105.519653	4.519800	2.449625
 - 	1418	-108.586159	4.305555	1.166785
 - 	1419	-111.126862	4.221690	-0.056852
 - 	1420	-113.097130	4.191964	-1.148710
 - 	1421	-114.451958	4.137269	-2.097156
 - 	1422	-115.155281	4.004077	-2.890735
 - 	1423	-115.185349	3.764896	-3.479446
 - 	1424	-114.534981	3.404215	-3.804585
 - 	1425	-113.211235	2.910379	-3.867899
 - 	1426	-111.239487	2.282150	-3.750734
 - 	1427	-108.668434	1.540590	-3.544500
 - 	1428	-105.565384	0.731251	-3.273351
 - 	1429	-101.998718	-0.088413	-2.903419
 - 	1430	-98.019524	-0.865949	-2.406225
 - 	1431	-93.654449	-1.557207	-1.761436
 - 	1432	-88.909462	-2.117571	-0.920600
 - 	1433	-83.781807	-2.508762	0.154155
 - 	1434	-78.276215	-2.722305	1.430826
 - 	1435	-72.414612	-2.783691	2.827716
 - 	1436	-66.236618	-2.729946	4.260665
 - 	1437	-59.795952	-2.589996	5.644970
 - 	1438	-53.158382	-2.383899	6.884380
 - 	1439	-46.406139	-2.125751	7.900829
 - 	1440	-39.648354	-1.821681	8.662707
 - 	1441	-33.032097	-1.478176	9.169253
 - 	1442	-26.747475	-1.115641	9.435385
 - 	1443	-21.018881	-0.768144	9.492350
 - 	1444	-16.080093	-0.471916	9.379179
 - 	1445	-12.141794	-0.253647	9.128822
 - 	1446	-9.359107	-0.122418	8.764029
 - 	1447	-7.801598	-0.062612	8.308727
 - 	1448	-7.433270	-0.034147	7.801369
 - 	1449	-8.116034	0.007276	7.290448
 - 	1450	-9.636777	0.083234	6.817739
 - 	1451	-11.748733	0.183811	6.408288
 - 	1452	-14.226788	0.277218	6.070054
 - 	1453	-16.922237	0.327604	5.796422
 - 	1454	-19.780956	0.317293	5.569550
 - 	1455	-22.809380	0.263096	5.368186
 - 	1456	-26.008854	0.211025	5.182348
 - 	1457	-29.318571	0.210378	5.022794
 - 	1458	-32.601582	0.286027	4.913322
 - 	1459	-35.675674	0.428771	4.875855
 - 	1460	-38.364880	0.612618	4.921875
 - 	1461	-40.544056	0.824910	5.045068
 - 	1462	-42.157299	1.079571	5.206429
 - 	1463	-43.205563	1.401716	5.333906
 - 	1464	-43.715343	1.802080	5.362784
 - 	1465	-43.710976	2.265924	5.287072
 - 	1466	-43.206341	2.761108	5.172068
 - 	1467	-42.213520	3.251660	5.121290
 - 	1468	-40.754204	3.704576	5.227697
 - 	1469	-38.862694	4.088641	5.540445
 - 	1470	-36.584957	4.369937	6.049536
 - 	1471	-33.981365	4.510516	6.680980
 - 	1472	-31.130209	4.475104	7.315278
 - 	1473	-28.128111	4.242242	7.836833
 - 	1474	-25.084629	3.815239	8.194773
 - 	1475	-22.107882	3.232773	8.427239
 - 	1476	-19.292645	2.568601	8.619693
 - 	1477	-16.724108	1.914079	8.840025
 - 	1478	-14.489099	1.359170	9.099318
 - 	1479	-12.687967	0.974058	9.349478
 - 	1480	-11.441552	0.785946	9.520593
 - 	1481	-10.875135	0.775577	9.563749
 - 	1482	-11.080986	0.904955	9.460743
 - 	1483	-12.085962	1.148507	9.220371
 - 	1484	-13.845485	1.503374	8.879242
 - 	1485	-16.265940	1.975719	8.491395
 - 	1486	-19.239964	2.560027	8.107707
 - 	1487	-22.675737	3.233361	7.764515
 - 	1488	-26.510241	3.962505	7.486099
 - 	1489	-30.704975	4.710517	7.287794
 - 	1490	-35.233086	5.442088	7.171453
 - 	1491	-40.068146	6.130155	7.120732
 - 	1492	-45.176353	6.759274	7.105102
 - 	1493	-50.510590	7.319849	7.091810
 - 	1494	-56.008701	7.795037	7.058643
 - 	1495	-61.598682	8.152804	6.999200
 - 	1496	-67.208313	8.352164	6.916324
 - 	1497	-72.772064	8.357861	6.807434
 - 	1498	-78.231209	8.153572	6.650090
 - 	1499	-83.529449	7.748060	6.391999
 - 	1500	-88.608772	7.177120	5.952875
 - 	1501	-93.409096	6.511685	5.256586
 - 	1502	-97.869286	5.855587	4.279184
 - 	1503	-101.923828	5.308699	3.066822
 - 	1504	-105.502777	4.927768	1.728858
 - 	1505	-108.539085	4.716044	0.410875
 - 	1506	-110.974503	4.628637	-0.774813
 - 	1507	-112.761284	4.589574	-1.798591
 - 	1508	-113.864861	4.516639	-2.678437
 - 	1509	-114.268188	4.336947	-3.408267
 - 	1510	-113.972687	3.991842	-3.931104
 - 	1511	-112.994019	3.445471	-4.186468
 - 	1512	-111.356964	2.703894	-4.174927
 - 	1513	-109.094963	1.828256	-3.960608
 - 	1514	-106.251747	0.919338	-3.621151
 - 	1515	-102.877808	0.076321	-3.206086
 - 	1516	-99.020691	-0.642327	-2.725808
 - 	1517	-94.715553	-1.231636	-2.164519
 - 	1518	-89.984901	-1.723506	-1.491784
 - 	1519	-84.849602	-2.153266	-0.654383
 - 	1520	-79.338547	-2.534292	0.404870
 - 	1521	-73.486481	-2.859866	1.689171
 - 	1522	-67.325928	-3.117234	3.129527
 - 	1523	-60.886860	-3.291596	4.627620
 - 	1524	-54.210884	-3.360869	6.104866
 - 	1525	-47.372231	-3.291156	7.512357
 - 	1526	-40.489845	-3.046926	8.792689
 - 	1527	-33.727581	-2.618719	9.844131
 - 	1528	-27.289394	-2.046041	10.539963
 - 	1529	-21.408249	-1.414110	10.788896
 - 	1530	-16.323439	-0.823673	10.587937
 - 	1531	-12.246964	-0.351421	10.031162
 - 	1532	-9.326313	-0.027190	9.272424
 - 	1533	-7.614344	0.163777	8.473804
 - 	1534	-7.057155	0.264765	7.767170
 - 	1535	-7.507857	0.324300	7.233175
 - 	1536	-8.762197	0.373530	6.894191
 - 	1537	-10.601483	0.416641	6.719197
 - 	1538	-12.828980	0.436565	6.639874
 - 	1539	-15.294083	0.411314	6.575637
 - 	1540	-17.907261	0.334133	6.460914
 - 	1541	-20.641552	0.227425	6.265832
 - 	1542	-23.508896	0.141434	6.001902
 - 	1543	-26.514112	0.134942	5.711091
 - 	1544	-29.608023	0.246722	5.449500
 - 	1545	-32.668293	0.477408	5.277438
 - 	1546	-35.526470	0.792911	5.246095
 - 	1547	-38.024979	1.144710	5.366212
 - 	1548	-40.063255	1.500692	5.584402
 - 	1549	-41.608601	1.863052	5.800300
 - 	1550	-42.671978	2.251322	5.913124
 - 	1551	-43.266960	2.675931	5.873047
 - 	1552	-43.382401	3.130112	5.713882
 - 	1553	-42.987415	3.591717	5.542438
 - 	1554	-42.055733	4.028428	5.487433
 - 	1555	-40.586418	4.409729	5.636879
 - 	1556	-38.612553	4.718000	5.993378
 - 	1557	-36.200920	4.944641	6.471478
 - 	1558	-33.445065	5.070421	6.947890
 - 	1559	-30.456722	5.053069	7.329373
 - 	1560	-27.358143	4.841541	7.590703
 - 	1561	-24.266483	4.405815	7.785668
 - 	1562	-21.273500	3.761358	8.032508
 - 	1563	-18.441437	2.976981	8.447819
 - 	1564	-15.825243	2.160838	9.052615
 - 	1565	-13.507737	1.427589	9.728366
 - 	1566	-11.620019	0.862821	10.269036
 - 	1567	-10.326900	0.505582	10.497881
 - 	1568	-9.784822	0.358596	10.368125
 - 	1569	-10.099684	0.410443	9.966196
 - 	1570	-11.302724	0.644332	9.422976
 - 	1571	-13.346388	1.033926	8.837223
 - 	1572	-16.121620	1.542242	8.267225
 - 	1573	-19.492514	2.127168	7.750619
 - 	1574	-23.332605	2.750590	7.312867
 - 	1575	-27.547977	3.386759	6.964610
 - 	1576	-32.082069	4.023954	6.703257
 - 	1577	-36.905296	4.659917	6.520235
 - 	1578	-41.996113	5.294651	6.403691
 - 	1579	-47.322392	5.921813	6.337047
 - 	1580	-52.833881	6.522797	6.299424
 - 	1581	-58.468140	7.065971	6.269938
 - 	1582	-64.160049	7.507629	6.234244
 - 	1583	-69.846458	7.796560	6.184804
 - 	1584	-75.466362	7.885967	6.109772
 - 	1585	-80.960976	7.750774	5.978989
 - 	1586	-86.274628	7.405254	5.739133
 - 	1587	-91.351845	6.907041	5.319240
 - 	1588	-96.131317	6.342583	4.645872
 - 	1589	-100.546135	5.812411	3.684018
 - 	1590	-104.530647	5.416708	2.488784
 - 	1591	-108.023460	5.218146	1.196771
 - 	1592	-110.966751	5.201019	-0.050070
 - 	1593	-113.308441	5.275608	-1.161898
 - 	1594	-115.005920	5.324698	-2.104808
 - 	1595	-116.028603	5.249204	-2.885106
 - 	1596	-116.360855	4.990451	-3.520221
 - 	1597	-116.003937	4.531395	-4.001206
 - 	1598	-114.973137	3.887360	-4.292913
 - 	1599	-113.292297	3.095803	-4.376830
 - 	1600	-110.992859	2.207292	-4.276640
 - 	1601	-108.117325	1.281631	-4.033419
 - 	1602	-104.718132	0.388382	-3.668596
 - 	1603	-100.848335	-0.404956	-3.178673
 - 	1604	-96.549591	-1.058493	-2.548318
 - 	1605	-91.845245	-1.573158	-1.762794
 - 	1606	-86.745293	-1.978438	-0.821745
 - 	1607	-81.259666	-2.310389	0.256399
 - 	1608	-75.406944	-2.598277	1.435165
 - 	1609	-69.214409	-2.860430	2.662704
 - 	1610	-62.718193	-3.094927	3.903691
 - 	1611	-55.969276	-3.265492	5.168115
 - 	1612	-49.041904	-3.308144	6.469557
 - 	1613	-42.040565	-3.165127	7.751634
 - 	1614	-35.106586	-2.821162	8.877319
 - 	1615	-28.420975	-2.319247	9.691054
 - 	1616	-22.196299	-1.750435	10.090735
 - 	1617	-16.659424	-1.223235	10.067605
 - 	1618	-12.029902	-0.825642	9.704023
 - 	1619	-8.491230	-0.596280	9.130589
 - 	1620	-6.156744	-0.516259	8.468648
 - 	1621	-5.044043	-0.524331	7.795588
 - 	1622	-5.069657	-0.545587	7.150105
 - 	1623	-6.064057	-0.520642	6.561733
 - 	1624	-7.803949	-0.427753	6.069164
 - 	1625	-10.060586	-0.289285	5.704262
 - 	1626	-12.653944	-0.155337	5.457415
 - 	1627	-15.488313	-0.070119	5.267070
 - 	1628	-18.545757	-0.041692	5.055150
 - 	1629	-21.836817	-0.037230	4.781210
 - 	1630	-25.337248	-0.006726	4.470984
 - 	1631	-28.948227	0.083174	4.200765
 - 	1632	-32.496971	0.229070	4.052125
 - 	1633	-35.773514	0.400022	4.069189
 - 	1634	-38.586647	0.569520	4.239939
 - 	1635	-40.809780	0.742227	4.497679
 - 	1636	-42.393204	0.952601	4.741319
 - 	1637	-43.345779	1.237898	4.877194
 - 	1638	-43.704613	1.610624	4.864023
 - 	1639	-43.510765	2.052862	4.739074
 - 	1640	-42.799240	2.528982	4.612905
 - 	1641	-41.600296	3.000988	4.626008
 - 	1642	-39.946182	3.437782	4.882207
 - 	1643	-37.877377	3.816636	5.393548
 - 	1644	-35.442745	4.118463	6.067287
 - 	1645	-32.699047	4.317098	6.746488
 - 	1646	-29.718477	4.370075	7.284767
 - 	1647	-26.595833	4.229652	7.612087
 - 	1648	-23.443056	3.872479	7.762228
 - 	1649	-20.374041	3.322421	7.853301
 - 	1650	-17.492796	2.653782	8.019984
 - 	1651	-14.897744	1.972117	8.330121
 - 	1652	-12.698018	1.375533	8.747584
 - 	1653	-11.020810	0.925705	9.161832
 - 	1654	-9.998512	0.652646	9.449946
 - 	1655	-9.741322	0.572459	9.533266
 - 	1656	-10.308690	0.688259	9.400996
 - 	1657	-11.693045	0.983674	9.097828
 - 	1658	-13.822631	1.427743	8.698591
 - 	1659	-16.584484	1.983702	8.284144
 - 	1660	-19.860214	2.614656	7.921798
 - 	1661	-23.557169	3.288603	7.650424
 - 	1662	-27.619789	3.981810	7.470666
 - 	1663	-32.018921	4.678398	7.349693
 - 	1664	-36.731544	5.365892	7.243938
 - 	1665	-41.726116	6.030214	7.127144
 - 	1666	-46.959846	6.653611	7.005059
 - 	1667	-52.384880	7.214923	6.906318
 - 	1668	-57.952450	7.684997	6.858809
 - 	1669	-63.608379	8.015960	6.867796
 - 	1670	-69.288559	8.144954	6.901247
 - 	1671	-74.922989	8.026045	6.887773
 - 	1672	-80.444664	7.666127	6.736365
 - 	1673	-85.792908	7.133305	6.369854
 - 	1674	-90.909348	6.536417	5.748581
 - 	1675	-95.731987	5.990162	4.868331
 - 	1676	-100.193390	5.586923	3.753097
 - 	1677	-104.226013	5.388214	2.483583
 - 	1678	-107.767853	5.408848	1.211575
 - 	1679	-110.761726	5.589804	0.079308
 - 	1680	-113.153091	5.810650	-0.880383
 - 	1681	-114.893753	5.946098	-1.738881
 - 	1682	-115.950676	5.911651	-2.573791
 - 	1683	-116.312820	5.671799	-3.386790
 - 	1684	-115.989929	5.226655	-4.113926
 - 	1685	-115.005592	4.592474	-4.686937
 - 	1686	-113.391052	3.790035	-5.070628
 - 	1687	-111.182732	2.854114	-5.270950
 - 	1688	-108.424133	1.843145	-5.307538
 - 	1689	-105.164978	0.825931	-5.165966
 - 	1690	-101.452423	-0.138573	-4.801260
 - 	1691	-97.324295	-1.009866	-4.176363
 - 	1692	-92.810150	-1.761810	-3.271818
 - 	1693	-87.934807	-2.375508	-2.094023
 - 	1694	-82.720924	-2.844204	-0.706960
 - 	1695	-77.188751	-3.183818	0.773378
 - 	1696	-71.354103	-3.423696	2.250339
 - 	1697	-65.229233	-3.580536	3.702844
 - 	1698	-58.829281	-3.646345	5.150948
 - 	1699	-52.185066	-3.600924	6.576563
 - 	1700	-45.364277	-3.428822	7.901120
 - 	1701	-38.495029	-3.126062	9.023664
 - 	1702	-31.775928	-2.705353	9.853272
 - 	1703	-25.461960	-2.203549	10.327143
 - 	1704	-19.828568	-1.679822	10.429151
 - 	1705	-15.126730	-1.201586	10.194562
 - 	1706	-11.544457	-0.826100	9.695303
 - 	1707	-9.181324	-0.583955	9.021342
 - 	1708	-8.035936	-0.470091	8.268862
 - 	1709	-8.010236	-0.448970	7.531330
 - 	1710	-8.933139	-0.473974	6.885623
 - 	1711	-10.599121	-0.511090	6.371524
 - 	1712	-12.813304	-0.550760	5.975536
 - 	1713	-15.428773	-0.599042	5.639256
 - 	1714	-18.359673	-0.656540	5.297479
 - 	1715	-21.562075	-0.702242	4.923685
 - 	1716	-24.992872	-0.698078	4.554544
 - 	1717	-28.571131	-0.615305	4.277992
 - 	1718	-32.162487	-0.459248	4.187276
 - 	1719	-35.593784	-0.266052	4.326435
 - 	1720	-38.689541	-0.071950	4.659260
 - 	1721	-41.308273	0.119122	5.075535
 - 	1722	-43.358597	0.344575	5.430398
 - 	1723	-44.790253	0.661548	5.602428
 - 	1724	-45.571060	1.105838	5.546944
 - 	1725	-45.672066	1.659533	5.319229
 - 	1726	-45.078079	2.253699	5.057823
 - 	1727	-43.825298	2.802090	4.937975
 - 	1728	-42.057545	3.235252	5.107537
 - 	1729	-40.088036	3.511051	5.614482
 - 	1730	-38.445827	3.600425	6.347102
 - 	1731	-37.042393	3.482857	7.470580
 - 	1732	-34.273659	3.145378	10.170046
